HBP State Dict

('fc.bias', tensor([-4.7692e-03, -1.9351e-03,  6.0860e-03, -5.3270e-03, -4.5025e-03,
        -2.8571e-03, -4.0958e-03, -3.0502e-03, -9.4722e-04, -3.4857e-04,
         3.1502e-03, -5.1124e-03,  2.8455e-03, -1.8848e-03,  4.1958e-03,
         3.0513e-03, -4.7092e-03, -5.0531e-03,  2.7091e-03, -6.5676e-04,
         5.9939e-05,  3.8030e-03,  7.2013e-04,  6.3342e-03,  4.4832e-03,
        -2.1798e-03, -3.1695e-04, -2.2356e-03, -4.3113e-03, -4.8103e-03,
        -8.2052e-04, -4.3389e-03, -1.1507e-03, -5.7293e-03,  5.4533e-03,
         5.4851e-03, -2.6730e-03, -5.5368e-03, -5.2143e-03, -8.8136e-04,
        -5.3654e-03, -9.3134e-04,  1.4559e-03, -1.8987e-03,  3.8954e-03,
        -3.6435e-03,  5.9493e-03, -1.5720e-03,  4.7077e-03,  2.7511e-03,
        -6.4290e-04, -4.0650e-03, -4.3424e-03,  2.2452e-03, -2.1143e-03,
        -5.1230e-03,  4.7562e-03, -8.4678e-04, -3.7510e-03, -5.5011e-04,
        -5.8735e-03, -1.2043e-03, -3.0382e-04,  5.6363e-03, -6.1364e-03,
         2.1939e-03,  4.9197e-05, -3.0613e-03, -5.0268e-03,  2.1947e-03,
        -1.7645e-03,  7.5249e-04,  3.8232e-03, -4.9873e-03, -4.5807e-03,
        -2.1577e-03,  2.0740e-03,  4.5913e-03,  5.8488e-03, -6.0204e-03,
         2.7455e-04,  3.3257e-03,  2.9163e-03,  1.6211e-03,  5.4999e-03,
        -1.2073e-03, -1.1230e-03,  1.3064e-03, -4.2619e-03, -3.8944e-03,
        -6.9838e-04, -3.5143e-03, -1.3174e-03,  3.1934e-03,  2.0022e-03,
        -6.1319e-04, -2.1174e-05,  2.0118e-03,  5.1833e-03, -2.4734e-03,
         1.5756e-04, -1.1529e-03,  7.9286e-04,  2.9913e-03, -5.8254e-03,
         1.7116e-03, -4.7784e-03,  3.0958e-03,  3.1453e-03, -6.2275e-03,
         1.7469e-03,  2.3167e-03, -1.3529e-03, -5.2527e-04,  2.5035e-04,
         3.4348e-03, -1.7341e-04,  6.3544e-03, -8.4917e-04,  4.3796e-03,
         2.0520e-03,  4.6059e-03,  9.8013e-04, -4.7316e-03, -2.5070e-03,
         2.9416e-03,  5.8059e-03,  5.0824e-03,  4.8574e-03, -2.7769e-03,
         5.7595e-04,  4.4117e-03, -3.7181e-03,  1.0161e-03, -2.2741e-03,
        -5.6264e-03,  4.4160e-03,  1.5652e-03,  5.5604e-03,  2.6799e-03,
         5.4004e-03, -2.9799e-03,  3.7935e-03, -5.0444e-03, -4.8739e-04,
        -4.0985e-03,  2.7394e-03, -2.5326e-03, -1.2891e-03,  2.7434e-03,
        -4.0285e-03, -2.5383e-03, -4.9203e-03, -8.1790e-04,  2.3461e-03,
        -1.8097e-03, -2.8923e-03,  5.1209e-03, -3.0036e-03, -6.0173e-03,
         6.2214e-03, -2.1105e-03, -5.4283e-03, -4.8570e-03,  4.5360e-03,
        -4.9378e-03,  2.0365e-03,  2.7711e-03, -4.9366e-03, -5.5657e-04,
         2.2129e-03,  5.4926e-03, -2.3733e-03, -3.5426e-03,  5.9576e-03,
         3.5879e-03,  3.7824e-03, -4.4610e-03,  2.7905e-03,  1.5798e-03,
        -5.6722e-03, -3.1833e-03,  1.8060e-03, -4.0339e-03, -5.6196e-03,
         5.4236e-03,  5.7440e-03, -2.3475e-03,  5.6399e-03, -3.1092e-03,
        -7.4399e-04, -6.0024e-03,  4.1633e-03,  4.2944e-03, -6.9675e-04,
         2.0210e-03,  1.4298e-03,  6.3142e-03, -2.0927e-04, -5.9484e-03]))])