Trained HBP State Dict:

('module.fc.bias', tensor([ 0.1950,  0.0595,  0.4145,  0.1719,  0.2018, -0.0919, -0.3818,  0.1420,
         0.1081, -0.3197,  0.2291, -0.0185, -0.0141,  0.0687, -0.3556, -0.1521,
        -0.1039,  0.0081, -0.0962,  0.2363, -0.1340,  0.0210,  0.3476,  0.4248,
         0.3709,  0.2367,  0.3593, -0.0845, -0.2175,  0.0330,  0.2269,  0.0446,
         0.1713, -0.1925, -0.0673,  0.0207,  0.3153, -0.0630, -0.0518,  0.4571,
         0.3855, -0.1166,  0.2090,  0.3599,  0.6678,  0.0910, -0.0222, -0.2138,
         0.0548,  0.2839,  0.1280,  0.1653,  0.1646,  0.1228, -0.0598, -0.3848,
        -0.4547,  0.1152, -0.1106, -0.2177, -0.1714,  0.1839,  0.3038,  0.0227,
        -0.0940, -0.0697,  0.1808,  0.0556,  0.0243,  0.0684,  0.7095,  0.4457,
        -0.2089,  0.0698,  0.0093, -0.1041, -0.0641, -0.2216,  0.0626, -0.1826,
         0.2524, -0.0445, -0.0797,  0.1397,  0.0447,  0.2703, -0.0972,  0.0580,
        -0.1616,  0.2462,  0.0975,  0.2648, -0.1192, -0.2136, -0.6231, -0.3799,
        -0.0048, -0.2155,  0.2273, -0.1109,  0.1058,  0.0307,  0.0186, -0.0171,
         0.2682, -0.2055, -0.1947, -0.0970, -0.3874,  0.1050, -0.0831,  0.1514,
        -0.0494,  0.2230,  0.0033,  0.1439, -0.1922, -0.2265,  0.0186, -0.1261,
         0.0918, -0.2459, -0.2637, -0.1777, -0.1735,  0.0094, -0.1926,  0.3917,
        -0.2656, -0.4683, -0.0991, -0.2792, -0.1743, -0.1596,  0.4076,  0.0441,
         0.3358, -0.1653, -0.1966,  0.0092, -0.1123,  0.3050,  0.6134, -0.0538,
         0.2480,  0.0237,  0.1028,  0.1544,  0.2047,  0.0407,  0.1708, -0.1045,
        -0.1571,  0.0110, -0.0752, -0.0445, -0.0489, -0.4533, -0.4487, -0.1750,
         0.4374, -0.1114, -0.2511, -0.1248, -0.1147, -0.1380, -0.0601,  0.0657,
        -0.2626, -0.1524, -0.2029, -0.0302,  0.3072, -0.0044,  0.1027, -0.1577,
         0.0535,  0.4363,  0.0491, -0.1298,  0.2299, -0.0408, -0.0737,  0.0481,
        -0.2456, -0.2112,  0.0333,  0.0190, -0.2361, -0.1895, -0.0882, -0.4602,
        -0.0951, -0.3546, -0.3055, -0.0736, -0.0889, -0.0460,  0.1087, -0.0190]))])